1650 2398 1276 2234 4032 1790 3415 3101 3651 2595 2547 3724 3900 2164 4129 3507 4110 4117 771 2925 3154 692 2390 3503 519
3286 2990 3938 2199 242 2485 1297 1137 2839 2405 927 2593 2367 874 654 4095 3447 3878 719 3624 3209 645 287 743 3198
3238 1485 3122 658 3635 4321 2919 3260 3310 3126 466 869 408 3493 1070 322 3022 279 723 844 2436 871 2698 1712 3856
325 49 1531 3283 2172 1808 2376 2271 1994 2365 3620 3418 2 690 3536 389 1387 2419 2806 2002 1834 4292 3969 486 3492
328 2252 919 1819 4246 475 3166 3759 327 3163 3634 501 2874 3590 3118 1322 1869 3702 2944 4214 466 1564 959 2311 3151
127 3653 1098 4248 4019 3626 1165 2355 4310 447 1119 1207 4077 2464 2846 290 2525 1158 3240 3608 4233 226 4000 3468 3777
144 2359 1134 452 3933 3140 96 3348 3590 1916 3283 590 224 4185 706 1172 1135 401 3942 1892 3994 1372 2980 643 4433
3081 2680 4310 226 1832 270 4267 1558 3876 2079 2995 1048 3462 3482 1698 1859 3698 4051 2876 2367 4049 1950 1509 587 220
4360 4228 3046 2769 1414 2300 3529 3595 2324 4336 968 1857 4189 2717 1261 3942 3801 1650 827 1363 1019 1565 3824 205 336
816 3318 3721 3870 322 2924 1763 4197 3997 1258 1705 2250 2851 4192 3317 1984 121 356 2363 1915 4207 1646 1973 1008 671
