1879 1870 3584 767 1493 557 2887 2148 1810 1083 215 4389 917 742 2279 4065 1679 2138 4335 2406 663 2951 3665 4110 3122
2987 289 1248 1325 1051 997 3844 1888 1906 3939 2422 3003 1529 2546 1174 1956 1159 309 1245 149 3277 684 2769 814 4003
759 2403 3145 1221 540 90 2704 3547 235 1728 3473 4086 2971 1499 2382 1603 1800 2862 2642 177 1717 3973 3045 3192 3554
4238 312 1492 3271 85 1731 2234 1852 1356 4210 1585 3321 2100 4133 1705 3896 1683 4189 301 654 836 3775 2615 3866 561
206 3272 2180 140 2519 1801 1992 3766 4153 1997 252 1708 2457 1453 1559 3891 2779 1607 3292 3847 4164 1824 4337 2063 3053
2308 3575 79 2401 2926 2550 2443 4303 3104 2732 1809 4168 2643 3365 1772 739 3968 3170 2471 3069 1739 3835 568 4431 1260
1623 2762 3587 2168 2908 1024 2968 1438 497 356 4380 1967 4277 2609 4385 3368 1401 4038 4366 1415 74 3514 2151 1746 1158
1868 981 2505 1629 4058 744 4164 22 834 584 3522 2385 2215 46 1486 794 1799 3990 1803 3078 61 1467 4161 1617 3417
1180 558 3371 1826 323 3533 2483 3352 242 1476 3055 29 2389 406 1445 1449 276 733 1145 3255 605 597 3635 4263 195
591 67 1368 486 3587 4291 378 4357 176 2861 3044 1234 3962 2711 3678 2799 3793 1397 4120 1769 2040 2034 1874 2838 630
