1426 1024 1647 339 295 378 1981 668 1119 2038 186 75 1625 1623 191 461 1230 1433 36 494 276 1000 1040 926 846 1856 1577 1728 1190 340 1097 230 470 1026 1060 484 968 510 2075 2014 883 1003 1537 1841 937 731 840 1885 1519 78 1221 1284 384 388 702 323 151 631 1323 771 436 482 920 593 2062 1958 476 1240 1687 2029 1018 1937 600
669 1479 291 1717 1790 1161 134 654 2061 1579 1603 1511 51 1810 1367 1291 1388 805 1224 2036 2011 2045 1420 1491 137 0 1520 853 1513 903 587 1853 317 102 189 1217 1601 557 1938 772 235 1736 1124 769 758 1549 2003 1929 1472 1678 1552 1802 662 6 948 141 550 1612 249 641 1510 1001 259 10 354 1242 266 517 967 1155 394 1542 875
807 1550 1279 1509 64 1724 1402 205 1142 1140 1900 1925 910 24 418 497 1973 1637 1445 1687 1574 1441 1307 1740 8 394 445 1075 891 1484 88 1413 1184 1152 1085 619 960 1268 1305 1407 96 1935 209 1854 78 433 1168 1239 30 1361 431 1228 1591 876 1294 1867 1564 792 377 22 1848 178 2050 274 501 359 95 682 911 521 1348 1415 1903
412 901 1763 511 543 668 1935 870 562 1479 1147 52 1505 2075 910 474 389 789 1767 1196 928 1719 1442 915 1389 1850 1575 134 1241 1401 443 823 1286 1584 1860 259 1179 1432 556 603 1653 883 31 679 1092 1897 1754 1636 398 1251 24 255 147 555 1399 1820 708 240 140 1083 317 825 32 1534 1946 1570 337 85 1282 176 1530 1397 561
914 1113 774 59 761 1592 30 245 1042 716 188 568 651 1007 193 1406 531 1305 1864 828 1897 1165 1586 1652 1271 2050 539 1469 1366 376 956 1295 71 858 109 740 1346 1417 1820 2058 574 189 459 589 364 160 1414 45 18 148 1861 1418 996 1099 679 627 1984 2038 1756 275 197 415 278 1976 1272 1041 1630 338 816 797 644 520 317
1364 1249 361 188 1558 1166 754 1564 737 1408 628 1721 620 2028 464 1285 594 1742 525 1005 1123 1401 713 1739 1889 1260 964 2022 1519 252 1380 1971 1974 1820 2009 814 1192 2076 1170 1245 71 1019 1812 1767 323 4 1906 1879 920 217 1561 1395 1541 708 823 1492 1796 1895 840 421 1007 546 873 1069 1633 1213 1526 1097 1727 1792 1355 575 2044
28 2059 114 376 650 390 1828 2017 1374 1306 1931 812 2044 1317 6 1188 1276 141 2032 1396 1343 841 1827 1323 1742 1447 1152 291 1914 1782 643 879 1159 15 1665 702 1281 235 552 498 1667 380 122 1100 1927 1967 1509 266 653 1592 604 370 776 1218 1736 673 1763 984 1303 1391 507 159 132 1794 1320 1 1582 1282 694 1849 1755 2049 726
904 361 1034 642 766 723 1977 954 1582 379 237 1166 1019 899 558 1689 303 1666 1393 514 797 785 1785 104 690 943 1275 1291 214 1175 2002 2046 369 1985 1997 394 437 1430 1547 30 1800 574 322 940 1956 613 450 821 1614 1390 2047 460 1276 742 791 2078 956 246 2014 442 357 796 542 316 1337 1011 1823 713 1640 1825 877 730 77
1115 594 224 711 268 2069 1656 80 853 143 521 1794 1700 11 1437 71 248 1005 1968 2050 2072 1492 772 1582 111 1842 2064 485 969 1595 37 1063 770 3 944 819 1567 1604 1281 603 748 1957 20 1782 1441 682 1084 1337 283 415 431 2045 1143 652 1218 1486 1313 416 971 400 262 215 1711 1524 1380 917 606 1730 1183 1234 92 1961 1011
353 1039 387 1544 793 91 404 382 302 1081 1033 1113 319 1777 1802 952 206 1870 712 1328 648 436 848 842 1299 454 1658 27 1107 2018 1115 229 865 669 740 1877 64 129 1349 47 1924 1298 34 1914 519 470 113 1302 380 1556 43 222 345 1185 480 341 1941 866 908 135 1232 985 529 1899 95 580 1446 601 1709 562 415 1901 1014
