2916 1668 1626 4312 2079 563 1053 4281 3631 2200 2897 4037 724 4223 918 1500 3702 3519 3232 1405 2807 212 3737 2714 3803
2408 3747 1299 981 4053 123 2374 1876 1340 2150 2337 827 3791 3786 3472 2139 3814 1021 3648 4296 4433 3552 1376 2266 3195
2690 2700 1163 2038 550 1133 3232 2903 4293 558 3770 3865 4280 4258 2075 3874 2275 582 1247 3348 1774 4319 837 607 3628
2142 2021 1602 1497 999 857 2986 181 4350 1496 1328 2437 4391 3698 638 4291 3328 2144 1317 1965 1384 3215 1930 4021 149
2158 868 448 984 3906 2375 3177 2773 1381 3922 3672 3923 500 3871 1049 2453 4200 2793 3662 1642 2316 947 56 1210 2509
4186 2154 3825 791 1065 3811 600 477 3976 2306 3905 1480 2113 3281 3076 1379 4247 1739 4039 917 2323 966 1559 3537 2249
3279 1445 4383 775 1752 2562 561 4155 4349 2903 3320 2256 3717 33 3173 169 2534 1449 1422 459 2843 2223 1858 264 3396
1030 952 4223 2981 4210 3044 3504 2868 1545 3252 3262 1215 896 3354 1581 1765 2596 873 2330 503 1925 2541 4048 2735 1983
413 376 2586 2291 2359 1662 1513 1892 2225 254 979 2141 4292 383 1248 3833 3771 3150 2455 4235 3234 3529 3371 143 1708
101 2143 1895 2219 1559 383 2720 3078 1303 564 3296 410 33 3184 813 527 3366 4059 2601 2722 1208 370 3269 2990 897
