3671 1388 1840 3559 941 4357 3259 2511 977 2996 600 2931 4276 4192 1216 4343 2152 3785 916 4163 4328 2705 3756 229 3916
1242 3878 388 2901 1814 2343 1133 178 913 1683 3638 1518 1845 205 1118 3851 2279 2058 2019 916 3580 1363 2160 3685 3400
1517 1023 2668 2831 1547 2395 1948 1451 267 581 203 121 2008 369 2944 1318 2978 1608 1036 984 3418 3953 2912 4368 1570
1887 2791 3227 2838 3860 2945 776 2373 2846 642 3236 2720 3000 2679 941 3004 1268 640 3782 1212 3180 4264 1177 1754 176
1038 362 329 2741 368 2274 3669 2362 601 2080 4405 2130 3948 494 1147 1261 3643 4220 2210 4286 2545 3877 4038 2543 1051
1010 3448 874 2970 3220 1302 3051 1005 3435 2586 1391 2192 4019 1644 479 1645 3729 3024 2592 399 3103 1307 4317 3102 279
4058 3834 2060 269 3728 4159 953 2095 2043 3098 2457 1620 954 706 3960 1963 3546 3783 2165 2018 2894 194 2556 1690 4278
2394 687 66 3997 2120 714 2848 3559 1720 3369 563 3327 1608 2589 3381 370 1446 4319 3335 2629 3877 2165 15 4197 3770
1154 2425 2686 4376 2303 3819 4250 4350 1274 3171 1453 2365 1582 127 3286 1845 1898 3129 266 2552 4121 2934 1381 1678 640
4160 3119 2284 3708 2591 3533 1551 3932 2596 4081 4355 1751 4189 3990 803 3853 415 3824 3367 2113 3628 2641 2441 1963 2606
